58
60
58
50
44
40
36
37
40
47
48
41
39
41
53
63
66
59
46
37
31
29
30
35
41
46
45
42
38
39
41
44
44
43
40
38
38
38
34
27
19
21
28
38
43
45
42
40
39
34
34
39
54
69
76
70
56
43
38
38
40
45
48
50
49
48
51
51
48
42
36
40
46
57
60
59
61
60
57
50
43
37
36
40
46
54
59
60
51
40
33
32
35
38
42
41
38
32
28
32
38
46
48
49
50
55
53
44
37
38
48
56
58
52
44
40
45
50
55
56
56
52
47
43
40
39
37
34
25
20
21
29
36
42
47
49
54
59
62
63
60
53
45
42
44
46
48
47
46
44
37
31
29
35
47
54
58
53
51
54
58
62
62
61
58
56
55
55
57
58
57
54
51
54
58
63
64
62
58
56
55
56
62
70
79
82
78
72
66
60
53
43
36
34
36
46
54
63
70
70
67
59
51
48
46
49
51
50
50
45
46
46
41
35
31
36
44
53
56
54
48
42
39
40
48
55
59
59
56
55
53
52
53
52
56
60
65
65
59
54
48
46
47
51
59
66
69
67
62
59
53
46
40
36
35
34
34
35
41
52
62
65
65
61
53
50
53
59
66
68
69
70
70
71
68
69
67
64
61
61
63
66
67
68
67
67
65
65
65
65
64
60
57
56
58
56
50
43
40
43
48
52
54
59
68
68
64
51
43
40
42
46
49
58
68
75
68
61
53
54
54
57
61
64
63
56
46
48
53
63
70
75
79
81
81
80
74
66
60
54
53
51
49
50
51
57
65
70
72
68
60
52
44
47
52
57
60
57
56
52
51
49
53
63
73
78
77
75
73
67
57
55
55
66
72
75
75
69
67
60
57
57
58
61
55
49
40
35
35
33
36
36
39
40
41
48
52
57
56
48
39
33
36
45
52
59
61
64
66
68
73
76
74
65
55
53
60
70
79
80
75
66
57
47
44
44
50
59
69
76
75
70
65
61
59
59
59
58
55
53
52
58
68
78
80
75
67
59
60
70
81
89
85
71
55
46
49
60
70
74
72
68
68
69
68
67
67
69
72
75
79
81
76
67
58
51
50
47
48
47
48
48
50
53
55
56
57
59
62
61
58
57
58
63
64
59
52
44
43
43
47
54
56
57
59
67
76
80
75
68
64
69
75
76
71
65
63
56
48
35
23
20
24
41
49
55
53
50
46
43
41
39
34
34
39
51
59
66
67
64
62
59
60
63
65
64
56
50
49
50
54
55
53
46
39
38
41
51
63
64
57
44
36
34
39
46
46
48
48
55
56
57
50
38
33
28
30
30
35
42
45
46
46
50
59
71
75
67
54
41
38
42
47
57
58
58
58
54
54
48
48
49
51
54
53
51
54
58
62
60
56
55
61
67
72
70
61
54
43
47
44
49
41
33
26
33
42
52
55
58
63
71
76
68
54
37
27
27
35
44
49
45
44
47
59
74
81
82
76
72
72
69
64
59
57
56
48
42
40
46
59
68
73
73
73
77
75
71
65
59
54
52
48
42
32
26
28
36
45
48
44
36
35
38
42
45
42
41
40
43
47
44
39
32
35
43
49
49
36
30
31
45
55
56
46
35
29
31
38
47
55
57
55
51
42
32
25
25
33
43
56
65
67
67
67
73
78
78
71
61
54
53
58
62
69
74
69
61
53
51
50
51
55
57
63
65
63
52
44
36
33
38
46
53
50
46
40
38
44
51
58
66
66
64
55
50
48
49
53
54
58
66
72
73
71
69
71
67
67
58
53
44
38
29
26
28
30
30
29
31
36
47
52
55
49
40
32
29
28
25
16
12
7
6
5
4
5
10
17
20
19
20
26
35
44
50
51
52
53
54
53
54
53
53
50
49
47
47
53
57
56
50
40
36
34
38
39
36
37
41
47
52
49
49
48
55
63
66
62
47
33
24
21
26
30
33
35
35
37
42
48
58
66
69
66
56
43
34
33
36
40
42
40
32
22
16
19
24
32
37
46
52
60
64
60
51
33
26
22
27
33
35
33
32
31
35
35
33
32
